 0.00050  0.03158
 0.00150  0.03429
 0.00299  0.03691
 0.00499  0.03944
 0.00747  0.04188
 0.01046  0.04423
 0.01393  0.04650
 0.01789  0.04868
 0.02234  0.05076
 0.02725  0.05274
 0.03264  0.05462
 0.03851  0.05640
 0.04483  0.05808
 0.05161  0.05965
 0.05883  0.06111
 0.06650  0.06245
 0.07460  0.06368
 0.08313  0.06479
 0.09207  0.06579
 0.10143  0.06665
 0.11117  0.06740
 0.12130  0.06802
 0.13182  0.06852
 0.14269  0.06888
 0.15394  0.06911
 0.16551  0.06922
 0.17743  0.06919
 0.18966  0.06904
 0.20220  0.06875
 0.21504  0.06834
 0.22816  0.06779
 0.24155  0.06712
 0.25520  0.06633
 0.26909  0.06541
 0.28321  0.06437
 0.29754  0.06322
 0.31208  0.06195
 0.32680  0.06057
 0.34169  0.05907
 0.35674  0.05747
 0.37194  0.05578
 0.38726  0.05398
 0.40268  0.05209
 0.41820  0.05013
 0.43381  0.04807
 0.44948  0.04593
 0.46520  0.04372
 0.48096  0.04144
 0.49674  0.03910
 0.51251  0.03670
 0.52828  0.03426
 0.54401  0.03176
 0.55971  0.02921
 0.57534  0.02663
 0.59090  0.02401
 0.60637  0.02136
 0.62173  0.01870
 0.63697  0.01601
 0.65207  0.01331
 0.66702  0.01060
 0.68181  0.00788
 0.69641  0.00515
 0.71082  0.00244
 0.72502 -0.00026
 0.73900 -0.00295
 0.75274 -0.00562
 0.76622 -0.00827
 0.77944 -0.01090
 0.79238 -0.01349
 0.80503 -0.01605
 0.81737 -0.01857
 0.82941 -0.02105
 0.84110 -0.02347
 0.85247 -0.02585
 0.86348 -0.02818
 0.87413 -0.03045
 0.88441 -0.03266
 0.89431 -0.03480
 0.90380 -0.03687
 0.91290 -0.03886
 0.92159 -0.04078
 0.92986 -0.04262
 0.93770 -0.04436
 0.94510 -0.04603
 0.95207 -0.04761
 0.95858 -0.04909
 0.96464 -0.05048
 0.97023 -0.05176
 0.97536 -0.05294
 0.98000 -0.05402
 0.98418 -0.05498
 0.98787 -0.05585
 0.99109 -0.05660
 0.99381 -0.05723
 0.99603 -0.05776
 0.99777 -0.05817
 0.99901 -0.05846
 0.99976 -0.05864
 1.00000 -0.05870
 0.99975 -0.05871
 0.99899 -0.05875
 0.99771 -0.05883
 0.99593 -0.05893
 0.99365 -0.05905
 0.99086 -0.05921
 0.98756 -0.05939
 0.98378 -0.05960
 0.97950 -0.05983
 0.97472 -0.06008
 0.96947 -0.06035
 0.96374 -0.06065
 0.95754 -0.06096
 0.95087 -0.06129
 0.94374 -0.06163
 0.93616 -0.06198
 0.92814 -0.06235
 0.91967 -0.06272
 0.91078 -0.06311
 0.90147 -0.06349
 0.89176 -0.06388
 0.88164 -0.06426
 0.87114 -0.06465
 0.86026 -0.06503
 0.84901 -0.06541
 0.83741 -0.06579
 0.82547 -0.06615
 0.81319 -0.06650
 0.80059 -0.06684
 0.78768 -0.06716
 0.77449 -0.06747
 0.76101 -0.06776
 0.74728 -0.06802
 0.73328 -0.06828
 0.71905 -0.06850
 0.70459 -0.06869
 0.68994 -0.06886
 0.67508 -0.06900
 0.66005 -0.06911
 0.64486 -0.06918
 0.62951 -0.06922
 0.61404 -0.06922
 0.59845 -0.06918
 0.58275 -0.06910
 0.56698 -0.06898
 0.55113 -0.06881
 0.53524 -0.06859
 0.51931 -0.06832
 0.50336 -0.06799
 0.48740 -0.06761
 0.47146 -0.06718
 0.45555 -0.06669
 0.43969 -0.06614
 0.42387 -0.06551
 0.40815 -0.06483
 0.39252 -0.06408
 0.37700 -0.06326
 0.36160 -0.06236
 0.34634 -0.06140
 0.33124 -0.06035
 0.31632 -0.05924
 0.30158 -0.05805
 0.28704 -0.05677
 0.27273 -0.05543
 0.25865 -0.05399
 0.24480 -0.05248
 0.23122 -0.05090
 0.21792 -0.04923
 0.20491 -0.04749
 0.19219 -0.04567
 0.17978 -0.04377
 0.16772 -0.04179
 0.15597 -0.03976
 0.14459 -0.03764
 0.13357 -0.03546
 0.12292 -0.03321
 0.11265 -0.03090
 0.10278 -0.02852
 0.09331 -0.02610
 0.08425 -0.02363
 0.07562 -0.02110
 0.06742 -0.01852
 0.05965 -0.01590
 0.05233 -0.01325
 0.04546 -0.01056
 0.03906 -0.00782
 0.03313 -0.00508
 0.02767 -0.00231
 0.02268  0.00048
 0.01818  0.00329
 0.01416  0.00611
 0.01064  0.00894
 0.00762  0.01177
 0.00509  0.01461
 0.00306  0.01745
 0.00154  0.02029
 0.00052  0.02313
 0.00001  0.02596
 0.00000  0.02879
